9.933425812952810574e+00 -1.552356440088713319e+00
-5.710993360374087002e-01 8.133060583447973002e+00
5.595293627076758369e-01 4.214006603251787553e+00
8.464499956443114925e+00 -2.788113656438381049e+00
-1.230658946812392740e+00 2.848219897912502407e+00
-1.563879854479294229e+00 2.853499095558417409e+00
1.361558062339729869e+00 1.366382520963933311e+00
1.659910489272475420e+00 3.562891835236198457e+00
2.951958248127698692e+00 -3.443273550701821950e-01
-1.079990751556372253e+00 7.239585849083847613e+00
9.141530593021858664e+00 -2.981591595887606250e+00
8.505441706098043397e+00 -2.682428346051109358e+00
1.872717522441058602e+00 4.180692369188909296e+00
-9.738064110135553619e-01 7.256692807401359246e+00
-1.275678151142290773e+00 7.967764609095899786e+00
7.893385592700714604e-01 4.337486532786237525e+00
4.435986299684274159e-01 3.115309446514033631e+00
2.031697830496379975e+00 1.968075612932188578e-01
9.401343239366687143e+00 -3.056313815724378546e+00
-2.580438363284537573e+00 3.188442938416671257e+00
2.014322558238098804e+00 1.925669292927557175e+00
-1.078591012699126717e+00 2.204515288210880719e+00
1.101235065392611290e+00 4.889770749338618216e+00
9.982082370793557757e+00 -2.710311878287546161e+00
-1.107829723757504325e+00 2.920144794784883757e+00
1.494931797862198319e+00 3.858488315204525065e+00
-1.713435716240988782e+00 2.976322361094392299e+00
2.401222011401841883e+00 7.726844065911403492e-01
-7.882578657590981752e-01 8.049235706124969525e+00
-1.607124949022969318e+00 3.564528544918879938e+00
1.434721816362198643e+00 1.306620370906913520e+00
8.342997602970497084e+00 -2.080778330865344472e+00
1.164110699537035831e+00 3.791329883867355033e+00
9.278431949371132248e+00 -2.014967098411649893e+00
8.264524280723925642e+00 -2.864552438341716023e+00
-1.824558403726038502e+00 7.359589598016992973e+00
2.624920005588334160e+00 9.501944047690518147e-01
-2.049321682734432937e-01 8.432096650430894513e+00
-1.597802440299047610e+00 2.509775338935011924e+00
1.611529723598089436e+00 1.823472417181978722e+00
9.593607415433020869e-01 4.560786449766640160e+00
-2.632745743315894948e+00 2.631097858908830300e+00
6.704787694955030020e-01 4.040942746481678505e+00
1.344717700754143319e+00 4.857111330388305781e+00
9.037821811130804406e+00 -4.158855456364402237e+00
-1.113013114501032907e+00 3.698989999072121559e+00
2.518341852161078087e+00 1.391766152316176175e+00
-1.441732115229438005e+00 2.726285211046065360e+00
9.371612353492139391e+00 -2.273376809931727749e+00
-2.154056032910078855e+00 3.644569435142742897e+00
-1.949724178735646074e+00 3.483838696314819128e+00
1.200830976043358644e+00 6.016717299206209013e-01
-1.942133921892540416e+00 3.839708493880600759e+00
-2.240219567892323127e+00 2.613792448753909703e+00
9.139691801451593989e+00 -2.879017154309523541e+00
-1.608473833628898397e+00 3.600017078894739431e+00
2.768085396844258472e+00 1.087829227092847129e+00
-1.359287977351754773e+00 7.350870923071782137e+00
-1.372397980444532761e+00 8.363567362890064416e+00
8.565760451637974171e+00 -1.550312780485589403e+00
-1.593228407561389393e+00 3.529985888362602076e+00
1.673759874405548853e+00 1.303523636905837169e+00
-1.179791114584578748e+00 3.127674935529026534e+00
-1.433724441609175004e+00 7.695380018715380466e+00
-1.485393164338762340e+00 7.139807705801647586e+00
8.473928217263885898e+00 -3.512344437356058169e+00
9.390297028311415772e+00 -3.400107336907800537e+00
-1.225077443642036856e+00 6.841430954248423291e+00
-2.327459096063557720e+00 2.109851757854589227e+00
9.835300688141741077e+00 -1.483772999861980191e+00
-1.110640121607826325e+00 2.822138198445362178e+00
2.292871549029864564e+00 2.418267546996338280e-01
9.143085468058597343e+00 -2.063933672947567466e+00
1.048000921889846815e+01 -2.357926879357960193e+00
1.089098964155873439e+01 -2.375524423252695083e+00
9.486109825888517477e+00 -1.961037690848478565e+00
9.295458643166675472e+00 -1.870428178844823597e+00
-1.025760773977488549e+00 7.920697098753937127e+00
9.825700909789873982e-01 5.375309623791890701e+00
2.527064298698263212e+00 6.178122018963714268e-01
-1.413658095482484001e+00 7.409623236133462854e+00
-9.078816080345482042e-01 7.701854955332502861e+00
5.727938098809244316e-01 4.088055430524065059e+00
8.835828414743769343e+00 -2.213235183047174814e+00
7.851503066884625071e+00 -1.812738243185857190e+00
-7.432770163019679632e-01 7.685784867545026877e+00
1.608414628203813646e+00 4.018005367425286911e-01
2.439346437091432840e+00 -7.250996664856330931e-02
1.265723075125964936e+00 6.207128970491119224e-01
-2.202999498475951778e+00 2.479475609614227416e+00
-2.505017617469836644e+00 7.909693164181700098e+00
1.996196006777618104e+00 4.995766881206728516e-01
1.842871174680787094e+00 7.269288388712603910e-02
9.572469374966482647e+00 -1.702386329903614159e+00
-7.081849043604230287e-01 2.504212750603159954e+00
-7.227561177937512626e-01 7.766395534549260127e+00
-5.555238109539520908e-01 4.695958484712606129e+00
-7.335014201707480419e-01 8.520121135636140153e+00
-1.529574287526227039e+00 6.514595244341261804e+00
7.280986900906466497e-01 3.855314440583935465e+00
9.599242344853097464e+00 -2.067743848881220536e+00
-1.111980762579794169e+00 3.334731747526725965e+00
2.430406392049190067e+00 -6.357093342611125353e-02
-4.567736489652044485e-01 7.306008724511644736e+00
1.130789312766102617e+00 9.356208564581363074e-01
2.106160496780247637e+00 3.495131890762922300e+00
-1.757831898730671139e+00 2.974493214923366935e+00
2.040671846793516320e+00 4.548451144145240765e-01
1.202125397239872884e+00 3.644146853097873340e+00
-1.985390367565771585e+00 2.055207377052175488e+00
1.052417334168666896e+00 4.544980945515210813e+00
-2.116176594484182605e+00 8.315638785245612397e+00
-1.552206883996253062e+00 2.745749945899178091e+00
1.781948019322471710e+00 9.081511553529713066e-01
9.206961566981028966e+00 -3.327589510606003831e+00
2.715063278965145432e+00 1.290821898371495857e+00
2.139790794550549269e-01 4.885425352343196970e+00
8.878123429937584632e+00 -2.639710003048439280e+00
-2.688671896729809774e+00 3.031149419409419288e+00
1.279553375598808440e+00 1.057894181547446966e+00
8.154680559756668501e-01 4.785261164926226662e+00
-1.423358192394867494e+00 7.378564688554622109e+00
8.429677460259846100e+00 -2.685204211006169572e+00
-1.460314824000469303e+00 6.865575502450976586e+00
8.715161308505994242e+00 -2.438323078736843286e+00
-1.445539946115408092e-01 2.281872767700193982e+00
-1.884692436292210616e+00 2.886341883571394540e+00
3.410852891847388602e+00 8.723093689415516439e-01
1.975539174880704074e+00 7.189891322969003129e-01
-8.622670957083931054e-01 6.893085970461524603e+00
2.149171444212103044e+00 1.036972281658102846e+00
-3.683085454016432614e-01 8.346991179318335341e+00
1.000817754853678210e+01 -2.292255959678300314e+00
-2.086230625946698947e-01 8.246160679757110756e+00
-1.218558785756095331e+00 8.131762081410169429e+00
1.392637517775807243e+00 9.289627074945219221e-01
9.920173592249129868e+00 -3.866680423290903779e+00
9.151517105560586174e+00 -2.397099291070034166e+00
-3.122407356019950342e+00 3.281673975948750765e+00
9.931063317420065317e+00 -2.471699104291167792e+00
1.082725763898746862e+00 4.062718765723432490e+00
8.866439741081915571e+00 -1.552462149093786659e+00
9.116267942594046048e+00 -2.440516493758411620e+00
-1.814697501626674647e+00 3.290097240339230122e+00
1.869221394823854743e+00 5.441320833066740192e+00
-1.062952226780345955e+00 2.207553877217131699e+00
1.683537821242285348e+00 4.195832425960979606e+00
-1.745720139856917097e+00 3.011904574496540921e+00
-1.326319947262372123e+00 7.891831953272936850e+00
4.389901418302897262e-01 4.535928826163947214e+00
7.929492774823544643e+00 -2.090270190430273622e+00
-1.128675656608270739e+00 7.805097891064596283e+00
9.443823012504914516e+00 -1.285568355091067261e+00
1.016180411976395748e+00 4.485270466092258879e+00
9.838736081552822199e+00 -2.491726471225654382e+00
7.931370011724184210e-03 4.176143159320008458e+00
-1.214265087350250738e+00 2.572409479445282532e+00
-1.299814234929117518e+00 7.952035778469058513e+00
8.991235480400062485e+00 -2.461208505829769244e+00
-1.549945795131672632e+00 9.282932223367843960e+00
-1.287476205837827736e+00 1.254326607477132205e+00
1.190089916851136076e+00 4.727731228363558635e+00
-2.309378845152368243e+00 8.048749091287858093e+00
2.245928625165392323e-01 4.770281540947536314e+00
3.471382995062395338e-01 3.451776565141004838e+00
-1.355097799886538112e+00 3.283188562018392709e+00
1.544621259210743780e+00 4.210781271593889485e+00
8.293674494279889231e+00 -3.271830258069518216e+00
-7.268776826080726172e-01 8.001583159149273428e+00
2.723960354779991211e-01 5.469960038837965222e+00
1.573221722928572763e+00 4.839337932878169934e-01
1.160512965809514130e+00 1.161298680696659424e+00
-1.848929633131665608e-03 4.581456680763854372e+00
9.194622803095739982e+00 -1.651321695748612761e+00
1.777109936645220767e+00 1.186552544202014614e+00
1.069238533964644855e+00 4.530684839209694559e+00
-2.458099751426005675e+00 7.511787235616894876e+00
-1.839562217356640161e+00 6.952359011163443903e+00
-1.903756549006853094e+00 2.629265990256649754e+00
1.672805306101539990e+00 6.593005713406586699e-01
4.883823093198226273e-01 3.268017766049383876e+00
-1.536313280183438712e+00 3.014439162312056109e+00
1.320006210134776703e+00 1.404281445778865489e+00
3.338185056401694606e-01 4.936458363607072464e+00
-1.621504222920195470e+00 4.271916359712047750e+00
-1.717833268242664913e+00 7.769226436225463495e+00
2.155271618656394939e+00 1.278682522073201211e+00
1.242588018193750532e+00 4.503991923872949776e+00
1.432892713634691173e+00 4.376792337344086903e+00
1.714444486983127680e+00 5.025215236719036582e+00
-1.962262440300056365e+00 2.087863888096089138e+00
8.589373736764521539e+00 -1.860195110740145763e+00
-4.749203582851247579e-02 5.474252564587463787e+00
-1.881032853137158067e+00 8.327608718036405122e+00
5.956768223379169669e-01 4.086142627856107268e+00
7.151779475135126019e-01 5.413345564535995358e+00
-2.593748154216140578e-01 7.933996668933996688e+00
-2.221317168736418157e+00 2.730506910657706232e+00
-1.589843006828260741e+00 7.997402628606052666e+00
1.366786329986216186e+00 6.349716330912769102e-01
-1.791457592597460735e+00 2.749668964222416800e+00
9.342343933904642128e+00 -2.558658161212399751e+00
1.155212983070128541e+00 5.099618865460608497e+00
-6.824281223526390550e-01 6.191653715327861462e+00
2.746666460302749524e+00 1.545434815160029896e+00
-7.553043475162722897e-01 7.838635603421212572e+00
4.537917890373660001e-01 3.956477528589740889e+00
9.484323276429401872e+00 -2.103628303363093810e+00
-1.958666646352981600e+00 2.430086468200675753e+00
-7.679168926875516998e-01 7.882416120738592547e+00
3.485154386351242639e+00 1.464351352132185591e+00
8.789879305496965500e+00 -3.002156778077424981e+00
1.593317876765687702e+00 1.221213174713027705e+00
-1.687544135358285624e+00 2.241075462451118216e+00
4.318910599165497466e-01 4.334954564926073672e+00
7.438739881017236710e-01 4.122405677103188282e+00
-7.306981679490791581e-01 6.242088559856636465e+00
-1.918280173182917325e+00 2.605168673952455993e+00
-1.939606579839115330e+00 2.189435819476650114e+00
-1.127074164002757062e+00 2.641450388899990287e+00
2.311022759899738155e+00 1.303808480956084592e+00
1.413724415853017113e+00 4.381177073902835950e+00
8.662430084848168121e+00 -2.377882477048956389e+00
1.488599767881927383e+00 6.516338440164082257e-01
2.223222280858820454e+00 8.387734261521625490e-01
-1.937310551864235730e+00 3.913612739047045430e+00
-2.476667051622954752e+00 3.284109888797445365e+00
-7.595438812534300865e-01 7.870815369150573559e+00
7.675227889508035028e-01 4.397596708910778140e+00
-1.793513722321581572e+00 7.580869443054854884e+00
-1.558767200252391794e+00 7.248162100026333654e+00
2.096805454802436852e+00 4.847414122413621129e+00
1.895937607161569449e+00 5.185402589388560912e+00
9.810411373754543973e+00 -1.506191183648652121e+00
2.130035294434726278e+00 5.192096202309044450e+00
-1.212569398921382380e+00 2.970935513559919361e+00
-9.677949887533237039e-01 3.121861251613879507e+00
2.771801740764812116e-01 4.844283219620901804e+00
8.877221417940136305e+00 -2.225678251506828964e+00
1.869859740004604198e+00 -1.079386238600486964e-01
-1.044913299616583080e+00 9.048086152532475168e+00
9.418525986611660628e+00 -2.864401777896624424e+00
-1.528363102377807259e+00 6.985316347765840206e+00
2.607782815701368939e+00 1.088900251703750044e+00
1.255667542384770963e+00 3.382041115682055565e+00
1.481700521137211402e+00 6.900745945183054397e-01
8.940669434077806343e+00 -2.613552218377320546e+00
8.706634115526009410e+00 -2.188307734785058578e+00
-2.621427798754866867e+00 7.986350664654517928e+00
9.545524357601996357e+00 -3.429013870087164850e+00
-2.267119266405502653e+00 8.067828300878634451e+00
-3.362588582866861686e-01 8.867213600091313097e+00
-3.402589252022267252e-01 8.167339254166146034e+00
1.507574186166382280e+00 1.567873432795449107e+00
-1.641296109370745437e+00 2.680972552913052365e+00
2.045055273116012984e+00 1.125154701270986379e+00
1.650667925038451944e+00 9.167619949025479498e-01
-8.857983736323004065e-01 2.645850779022289601e+00
-6.905527078584329237e-01 8.184794770480349868e+00
2.369233517751929696e+00 7.947358612045883897e-01
1.696877880053659915e+00 7.549106220963330838e-01
9.042467956135075369e+00 -2.597471279377564723e+00
1.062696221243021766e+00 5.176351431626175170e+00
7.343639103625873021e-01 5.037254369677846455e+00
-9.703775771549855156e-01 8.002917474277067456e+00
1.756448051017494461e+00 2.055382892228128533e+00
-7.854122055400424296e-01 8.453123312911255738e+00
-1.830918517012840585e+00 8.024350338351089462e+00
2.338122852939059637e+00 3.431167922689131178e+00
9.064784818521449239e+00 -2.679930709600641059e+00
1.379646932753956223e+00 4.548264429193055847e+00
-1.766573430779631027e+00 3.139915794041633568e+00
1.729550635822846960e+00 1.147293687694792563e+00
-2.601594312387463415e+00 7.221955909460233691e+00
-1.362194198587542093e+00 2.383333211535805685e+00
1.003725188927362622e+00 4.191477017432889696e+00
1.833758418667411405e+00 7.540361533923815029e-01
1.669096479733143124e+00 -4.363782313967189408e-01
1.455138312999138650e+00 -2.919899812862963850e-02
4.595346675136735559e-01 5.449826299307810373e+00
9.627183102461298603e+00 -2.549484909466919635e+00
9.502894668027947134e+00 -2.351714991803618204e+00
1.567248965910355896e+00 1.780906325642893709e-02
2.569365888574492107e+00 5.070483039578491669e-01
1.217675063253024437e+00 3.892901272884202069e+00
-2.745314693890802182e+00 4.156577978148713548e+00
2.601374866288432841e+00 1.087994589052718508e+00
-1.918349162654117812e+00 2.683310236220561862e+00
-1.511769487827438585e+00 7.944263073172288969e+00
-1.607448136899941371e+00 7.165921824065359047e+00
8.102172749131625551e+00 -2.727104661322144796e+00
2.731249074696781687e+00 2.497047549198833094e-01
-3.533566282714893925e-01 3.151938254945878093e+00
-2.310820124263095909e+00 3.912760669104035305e+00
9.128043312098455431e+00 -1.420212921271022610e+00
7.854750919735878689e+00 -2.318969114461300052e+00
8.655294040035201419e+00 -2.541135642237908776e+00
-1.468269032592992573e+00 3.267654469185098609e+00
3.353209091001291497e+00 1.699580429599772513e+00
6.697869960051712201e-01 3.595408016974942722e+00
